0 0 272923314916
0 0 2777471618724
0 0 2777471618951
0 0 2777471619238
0 0 2777471619524
0 0 2777471619811
0 0 2777471620097
0 0 2777471620384
0 0 2777471620670
0 0 2777471620958
0 0 2777471621244
0 0 2777471621530
0 0 2777471621816
0 0 2777471622102
0 0 2777471622389
0 0 2777471622677
0 0 2777471622963
0 0 2777471623249
0 0 2777471623535
0 0 2777471623820
0 0 2777471624106
0 0 2777471624392
0 0 2777471624679
0 0 2777471624964
0 0 2777471625249
0 0 2777471625536
0 0 2777471625823
0 0 2777471626108
0 0 2777471626395
0 0 2777471626681
0.00291078 2.34033e-07 2777471626968
0.0137403 5.09564e-05 2777471627253
0.0236547 -3.77699e-05 2777471627539
0.034185 0.000576325 2777471627826
0.0454635 0.00104484 2777471628113
0.0617219 0.00196369 2777471628399
0.0822017 0.00324878 2777471628685
0.0952448 0.00410853 2777471628969
0.108116 0.00581086 2777471629257
0.127317 0.00820015 2777471629543
0.14246 0.00990873 2777471629829
0.161349 0.012606 2777471630115
0.174465 0.0144738 2777471630402
0.193078 0.0175438 2777471630687
0.21157 0.0211869 2777471630973
0.229416 0.0245004 2777471631259
0.242613 0.0273116 2777471631546
0.266874 0.0329475 2777471631832
0.281735 0.0366873 2777471632118
0.29969 0.0417085 2777471632403
0.321973 0.04851 2777471632692
0.336678 0.0531241 2777471632977
0.347188 0.0567478 2777471633264
0.373263 0.0679389 2777471633549
0.393923 0.0764414 2777471633835
0.409899 0.083068 2777471634120
0.42693 0.0912711 2777471634406
0.446547 0.10117 2777471634693
0.457172 0.106884 2777471634981
0.476013 0.116888 2777471635267
0.494819 0.127094 2777471635552
0.511587 0.136987 2777471635838
0.536956 0.15183 2777471636125
0.552303 0.161301 2777471636412
0.575719 0.175688 2777471636698
0.593137 0.187544 2777471636984
0.611301 0.200991 2777471637271
0.635131 0.220209 2777471637559
0.653446 0.234973 2777471637846
0.671449 0.250623 2777471638133
0.691138 0.269136 2777471638420
0.692325 0.270455 2777471638707
0.718865 0.298781 2777471638993
0.723335 0.303422 2777471639280
0.741719 0.324429 2777471639567
0.748301 0.332241 2777471639855
0.749307 0.333447 2777471640142
0.749307 0.333447 2777471640428
0.749307 0.333447 2777471640715
0.749307 0.333447 2777471641001
0.749307 0.333447 2777471641287
0.749187 0.333304 2777471641574
0.748515 0.332528 2777471641864
0.751552 0.33513 2777471642151
0.753008 0.336166 2777471642438
0.75265 0.335763 2777471642726
0.744779 0.333166 2777471643014
0.74956 0.334063 2777471643300
0.754806 0.334036 2777471643586
0.756407 0.333668 2777471643871
0.756754 0.333536 2777471644158
0.758148 0.332542 2777471644444
0.763178 0.327795 2777471644729
0.763213 0.328088 2777471645015
0.764955 0.324768 2777471645301
0.766188 0.321034 2777471645593
0.766162 0.321133 2777471645871
0.765951 0.326227 2777471646156
0.765597 0.317705 2777471646439
0.76548 0.314156 2777471646725
0.765251 0.30767 2777471647011
0.765198 0.298396 2777471647297
0.76507 0.277347 2777471647584
0.766084 0.260682 2777471647870
0.768545 0.241937 2777471648156
0.771599 0.221075 2777471648442
0.774238 0.202575 2777471648728
0.777751 0.184821 2777471649013
0.782718 0.165781 2777471649298
0.78659 0.149952 2777471649584
0.790086 0.136274 2777471649870
0.794883 0.118659 2777471650156
0.80329 0.0913868 2777471650443
0.81015 0.0748087 2777471650730
0.815831 0.0598889 2777471651017
0.820823 0.0486275 2777471651304
0.832267 0.0262339 2777471651589
0.843398 0.00146926 2777471651875
0.850606 -0.0139668 2777471652161
0.858818 -0.0292348 2777471652447
0.865289 -0.0405299 2777471652734
0.873133 -0.054046 2777471653019
0.88186 -0.0678742 2777471653306
0.895669 -0.0888084 2777471653591
0.907571 -0.106279 2777471653877
0.92515 -0.131951 2777471654163
0.930461 -0.139464 2777471654450
0.941688 -0.155021 2777471654735
0.96 -0.177639 2777471655021
0.969545 -0.18928 2777471655307
0.980713 -0.203003 2777471655593
0.995913 -0.219452 2777471655881
1.00857 -0.231787 2777471656165
1.02452 -0.246961 2777471656451
1.03777 -0.258921 2777471656738
1.05939 -0.279678 2777471657024
1.07555 -0.293542 2777471657309
1.09454 -0.309942 2777471657594
1.11136 -0.323113 2777471657880
1.12602 -0.334868 2777471658168
1.14126 -0.346264 2777471658453
1.14929 -0.351755 2777471658739
1.16386 -0.361453 2777471659025
1.17554 -0.369155 2777471659311
1.20002 -0.386351 2777471659599
1.21551 -0.396786 2777471659885
1.23109 -0.407057 2777471660171
1.26585 -0.429921 2777471660456
1.27219 -0.433863 2777471660742
1.26965 -0.432293 2777471661028
1.26927 -0.432056 2777471661314
1.27525 -0.436069 2777471661604
1.27427 -0.435414 2777471661892
1.27759 -0.439099 2777471662178
1.27814 -0.440116 2777471662463
1.27846 -0.441114 2777471662748
1.28005 -0.447042 2777471663034
1.28038 -0.45042 2777471663319
1.28039 -0.459795 2777471663604
1.2804 -0.459762 2777471663891
1.27939 -0.462467 2777471664176
1.27931 -0.462584 2777471664462
1.27683 -0.465525 2777471664748
1.2722 -0.469091 2777471665034
1.27215 -0.469404 2777471665318
1.27424 -0.468599 2777471665605
1.26845 -0.469754 2777471665891
1.27685 -0.469669 2777471666178
1.27789 -0.469781 2777471666459
1.2674 -0.467228 2777471666742
1.25492 -0.46431 2777471667027
1.24089 -0.460942 2777471667313
1.22566 -0.457731 2777471667597
1.21087 -0.454831 2777471667883
1.19126 -0.451126 2777471668169
1.17227 -0.447877 2777471668456
1.16094 -0.446264 2777471668742
1.14479 -0.444678 2777471669029
1.12304 -0.442863 2777471669315
1.10419 -0.442133 2777471669600
1.08232 -0.44112 2777471669885
1.06415 -0.440363 2777471670170
1.04543 -0.44016 2777471670456
1.02409 -0.440797 2777471670742
1.00889 -0.441696 2777471671027
0.983189 -0.44418 2777471671313
0.967578 -0.44617 2777471671598
0.949247 -0.448707 2777471671884
0.924414 -0.451831 2777471672170
0.901209 -0.455227 2777471672456
0.889663 -0.457215 2777471672741
0.868014 -0.461668 2777471673027
0.847077 -0.465096 2777471673314
0.820701 -0.470504 2777471673602
0.811453 -0.472482 2777471673889
0.785407 -0.478513 2777471674174
0.756639 -0.486238 2777471674461
0.743878 -0.489732 2777471674748
0.727044 -0.494047 2777471675034
0.709695 -0.499358 2777471675318
0.684528 -0.508 2777471675603
0.664455 -0.515147 2777471675890
0.639872 -0.524569 2777471676176
0.621275 -0.532405 2777471676462
0.603279 -0.540047 2777471676747
0.580906 -0.550904 2777471677034
0.56462 -0.559431 2777471677320
0.54564 -0.56987 2777471677605
0.52994 -0.579182 2777471677890
0.51074 -0.590326 2777471678175
0.491576 -0.602337 2777471678461
0.472996 -0.615722 2777471678746
0.453197 -0.627612 2777471679032
0.430077 -0.644937 2777471679318
0.421002 -0.653486 2777471679604
0.408486 -0.665555 2777471679890
0.387403 -0.687655 2777471680176
0.371749 -0.705778 2777471680462
0.360127 -0.720281 2777471680749
0.351622 -0.731821 2777471681036
0.337577 -0.751885 2777471681320
0.32494 -0.770696 2777471681606
0.308799 -0.796564 2777471681891
0.295924 -0.820489 2777471682177
0.283366 -0.845284 2777471682462
0.283659 -0.844714 2777471682748
0.283938 -0.843217 2777471683035
0.284377 -0.842214 2777471683322
0.284377 -0.842214 2777471683607
0.284377 -0.842214 2777471683893
0.283628 -0.843891 2777471684178
0.283444 -0.844288 2777471684464
0.279672 -0.85069 2777471684750
0.281791 -0.847915 2777471685035
0.275338 -0.855076 2777471685321
0.274252 -0.855983 2777471685608
0.270523 -0.858171 2777471685895
0.255326 -0.863598 2777471686181
0.248715 -0.864764 2777471686465
0.238954 -0.865227 2777471686751
0.232645 -0.864224 2777471687038
0.233461 -0.864494 2777471687325
0.231319 -0.863078 2777471687610
0.227527 -0.859114 2777471687895
0.225715 -0.856218 2777471688180
0.223521 -0.850721 2777471688471
0.222753 -0.845255 2777471688753
0.224567 -0.848624 2777471689035
0.224567 -0.848624 2777471689320
0.224853 -0.844522 2777471689601
0.22617 -0.828602 2777471689886
0.226324 -0.826382 2777471690171
0.22719 -0.804731 2777471690457
0.227583 -0.795904 2777471690741
0.227623 -0.779665 2777471691026
0.227322 -0.768211 2777471691311
0.226885 -0.753225 2777471691596
0.226253 -0.740207 2777471691880
0.224509 -0.720416 2777471692166
0.222094 -0.697911 2777471692452
0.220577 -0.682748 2777471692738
0.219891 -0.675753 2777471693023
0.217242 -0.648812 2777471693307
0.215522 -0.637484 2777471693593
0.212377 -0.61875 2777471693878
0.209639 -0.605104 2777471694163