0 0 274590593604
0 0 2777471928267
0 0 2777471928549
0 0 2777471928832
0 0 2777471929114
0 0 2777471929397
0 0 2777471929680
0 0 2777471929964
0 0 2777471930246
0 0 2777471930529
0 0 2777471930811
0 0 2777471931094
0 0 2777471931379
0 0 2777471931659
0 0 2777471931942
0 0 2777471932224
0 0 2777471932507
0 0 2777471932790
0 0 2777471933073
0 0 2777471933356
0 0 2777471933639
0 0 2777471933921
0.0169181 -0.00587296 2777471934204
0.0215396 -0.00568303 2777471934486
0.0321554 -0.00522704 2777471934769
0.0415113 -0.00433726 2777471935052
0.0528872 -0.00346273 2777471935335
0.0665605 -0.00223768 2777471935618
0.0801131 -0.000923694 2777471935901
0.0929235 0.000389131 2777471936185
0.101269 0.00121482 2777471936468
0.121414 0.00322134 2777471936751
0.1306 0.0042449 2777471937035
0.1458 0.00640312 2777471937318
0.167601 0.00935815 2777471937601
0.177662 0.0109049 2777471937884
0.192935 0.0131051 2777471938169
0.199314 0.0139362 2777471938449
0.220071 0.0170288 2777471938732
0.234613 0.0193088 2777471939014
0.246789 0.0217437 2777471939297
0.263361 0.0245547 2777471939580
0.281002 0.0274748 2777471939864
0.305078 0.0316833 2777471940147
0.320142 0.0342014 2777471940430
0.343048 0.0381397 2777471940713
0.361906 0.0413226 2777471940996
0.378511 0.044204 2777471941280
0.403363 0.0478721 2777471941564
0.427916 0.0516519 2777471941847
0.4542 0.0560058 2777471942130
0.476395 0.0599266 2777471942414
0.503094 0.0639629 2777471942698
0.520045 0.0667918 2777471942981
0.540412 0.0699494 2777471943263
0.561456 0.0730724 2777471943546
0.586231 0.0764914 2777471943830
0.608189 0.0794159 2777471944114
0.633984 0.0829832 2777471944398
0.65851 0.0863626 2777471944681
0.682146 0.089762 2777471944965
0.708413 0.0935168 2777471945249
0.730238 0.0966078 2777471945530
0.763172 0.101701 2777471945813
0.78205 0.105433 2777471946096
0.799747 0.108681 2777471946378
0.824859 0.113821 2777471946661
0.836047 0.116141 2777471946947
0.845817 0.11806 2777471947228
0.847357 0.118389 2777471947511
0.851121 0.119456 2777471947792
0.8487 0.118611 2777471948072
0.844413 0.116307 2777471948353
0.846393 0.118148 2777471948637
0.842814 0.114388 2777471948920
0.839914 0.110697 2777471949206
0.839914 0.110697 2777471949492
0.839097 0.109445 2777471949775
0.844215 0.116998 2777471950058
0.848707 0.12361 2777471950341
0.854035 0.131748 2777471950625
0.859921 0.140563 2777471950908
0.867856 0.152126 2777471951191
0.872956 0.160042 2777471951473
0.879576 0.17077 2777471951755
0.889617 0.186359 2777471952037
0.89943 0.202897 2777471952320
0.903073 0.208992 2777471952603
0.912845 0.225058 2777471952886
0.917215 0.232408 2777471953168
0.927009 0.248879 2777471953451
0.937039 0.265951 2777471953734
0.948494 0.285608 2777471954017
0.951849 0.291712 2777471954301
0.954914 0.2971 2777471954584
0.969298 0.322503 2777471954867
0.975419 0.333244 2777471955150
0.980506 0.341173 2777471955432
0.987836 0.353604 2777471955715
1.00325 0.379736 2777471955997
1.01543 0.401551 2777471956281
1.02035 0.410385 2777471956565
1.02974 0.427426 2777471956848
1.03794 0.442296 2777471957131
1.05125 0.4667 2777471957414
1.06549 0.492541 2777471957697
1.07782 0.516197 2777471957980
1.08952 0.539089 2777471958264
1.09816 0.555498 2777471958547
1.10002 0.559318 2777471958830
1.10055 0.560378 2777471959112
1.09918 0.557026 2777471959393
1.1007 0.560847 2777471959676
1.10057 0.560108 2777471959959
1.1002 0.55257 2777471960242
1.0999 0.552694 2777471960524
1.10072 0.548774 2777471960805
1.10282 0.542632 2777471961086
1.10699 0.535451 2777471961369
1.11022 0.531302 2777471961652
1.10727 0.53443 2777471961937
1.09934 0.541886 2777471962222
1.09266 0.547766 2777471962505
1.08687 0.552833 2777471962788
1.06759 0.569099 2777471963071
1.05622 0.57986 2777471963355
1.04825 0.586819 2777471963637
1.03486 0.598365 2777471963920
1.03333 0.599707 2777471964202
1.01334 0.617111 2777471964485
1.00003 0.628543 2777471964768
0.988938 0.638486 2777471965051
0.979469 0.646333 2777471965334
0.962399 0.661332 2777471965617
0.948003 0.673982 2777471965900
0.940954 0.680192 2777471966181
0.923693 0.695373 2777471966462
0.914301 0.703648 2777471966744
0.901644 0.714255 2777471967027
0.879522 0.732805 2777471967309
0.862065 0.747516 2777471967592
0.844071 0.762692 2777471967874
0.842965 0.763616 2777471968157
0.829565 0.774115 2777471968440
0.812931 0.787209 2777471968724
0.799488 0.797847 2777471969007
0.79543 0.800963 2777471969290
0.79543 0.800963 2777471969574
0.79703 0.79979 2777471969854
0.78944 0.804289 2777471970134
0.792044 0.803395 2777471970415
0.800739 0.801987 2777471970699
0.795394 0.801864 2777471970982
0.795578 0.801893 2777471971268
0.795578 0.801893 2777471971550
0.795909 0.801938 2777471971834
0.805801 0.803103 2777471972117
0.80561 0.803091 2777471972398
0.80561 0.803091 2777471972680
0.801976 0.802892 2777471972963
0.789394 0.802255 2777471973246
0.770551 0.801633 2777471973529
0.758327 0.80115 2777471973812
0.748482 0.801168 2777471974095
0.740265 0.800985 2777471974377
0.718485 0.800428 2777471974660
0.702929 0.799843 2777471974943
0.691466 0.79907 2777471975226
0.682132 0.798588 2777471975508
0.654756 0.797234 2777471975793
0.646585 0.796647 2777471976074
0.62652 0.795807 2777471976357
0.606274 0.794892 2777471976639
0.5875 0.793247 2777471976922
0.583512 0.793044 2777471977205
0.562727 0.791675 2777471977488
0.548891 0.790413 2777471977771
0.526315 0.787462 2777471978055
0.509002 0.785251 2777471978338
0.487752 0.781861 2777471978621
0.469142 0.778159 2777471978905
0.452084 0.774823 2777471979188
0.429972 0.770814 2777471979470
0.405954 0.765813 2777471979753
0.383335 0.761059 2777471980036
0.36945 0.758059 2777471980320
0.354299 0.754959 2777471980603
0.322644 0.748419 2777471980884
0.314267 0.746569 2777471981167
0.281595 0.739205 2777471981449
0.256803 0.733329 2777471981731
0.240575 0.729612 2777471982014
0.224439 0.725954 2777471982296
0.19731 0.719386 2777471982578
0.17626 0.714582 2777471982860
0.15498 0.708805 2777471983143
0.131316 0.702789 2777471983426
0.101806 0.695009 2777471983708
0.0792632 0.689064 2777471983991
0.060081 0.684152 2777471984274
0.0353193 0.677366 2777471984558
0.0329582 0.676924 2777471984844
0.0335362 0.6772 2777471985130
0.0300648 0.677258 2777471985414
0.0244267 0.678234 2777471985698
0.0315794 0.675484 2777471985981
0.0298525 0.676867 2777471986263
0.0292146 0.677461 2777471986545
0.0278695 0.679269 2777471986826
0.0241894 0.686942 2777471987110
0.0225891 0.693659 2777471987393
0.0224405 0.695132 2777471987672
0.0224405 0.695132 2777471987952
0.0224405 0.695132 2777471988234
0.0224405 0.695132 2777471988515
0.0224405 0.695132 2777471988797
0.0224405 0.695132 2777471989080
0.0224405 0.695132 2777471989362
0.0224405 0.695132 2777471989645
0.0224285 0.69616 2777471989929
0.0224125 0.695932 2777471990215
0.0225979 0.697152 2777471990492
0.0225979 0.697152 2777471990774
0.0225979 0.697152 2777471991058
0.0225979 0.697152 2777471991339
0.0225979 0.697152 2777471991622
0.0225979 0.697152 2777471991904
0.0225979 0.697152 2777471992186
0.0226373 0.697387 2777471992468
0.0232353 0.700721 2777471992750
0.0268778 0.719996 2777471993032
0.0304776 0.744563 2777471993314
0.031514 0.750967 2777471993597
0.0323141 0.756051 2777471993880
0.0337552 0.766058 2777471994161
0.0357098 0.781087 2777471994443
0.0383492 0.801448 2777471994727
0.0400951 0.814296 2777471995009
0.0415438 0.825403 2777471995291
0.044042 0.851023 2777471995574
0.0452255 0.862004 2777471995858
0.0465639 0.875904 2777471996141
0.0475878 0.887868 2777471996425
0.0495727 0.913289 2777471996708
0.0509468 0.93118 2777471996991
0.0522449 0.949213 2777471997275
0.0535483 0.96871 2777471997558
0.0548527 0.991534 2777471997840
0.0556539 1.00688 2777471998123
0.0569824 1.03257 2777471998405
0.0570581 1.04906 2777471998689
0.0562039 1.06489 2777471998973
0.0551648 1.078 2777471999255
0.0532681 1.09944 2777471999537
0.0516436 1.11925 2777471999819
0.0494571 1.14002 2777472000101
0.0477107 1.15631 2777472000385
0.0443541 1.17969 2777472000668
0.0421911 1.19307 2777472000951
0.039839 1.20759 2777472001233
0.0369602 1.22467 2777472001515
0.0340356 1.239 2777472001798
0.0306932 1.25491 2777472002080
0.0259284 1.2755 2777472002363
0.0205705 1.29698 2777472002646
0.0147172 1.32088 2777472002928
0.0106462 1.33793 2777472003211
0.00822915 1.34718 2777472003495
0.0085529 1.34585 2777472003778
0.00811384 1.34746 2777472004060
0.00820846 1.34712 2777472004343
0.00812989 1.34743 2777472004629
0.00752458 1.35175 2777472004912
0.00754079 1.35042 2777472005195
0.00773066 1.352 2777472005481
0.00778192 1.35215 2777472005762
0.00991442 1.35629 2777472006045
0.0130331 1.36019 2777472006328
0.0140569 1.36103 2777472006607
0.0140569 1.36103 2777472006889
0.0168597 1.36352 2777472007173
0.0120904 1.36007 2777472007459
0.0180616 1.36335 2777472007742
0.0180616 1.36335 2777472008023
0.0180616 1.36335 2777472008304
0.0180616 1.36335 2777472008586
0.0168904 1.36281 2777472008869
0.0312614 1.36898 2777472009151
0.0436541 1.37426 2777472009434
0.048465 1.37616 2777472009717
0.0602597 1.38121 2777472009999
0.0787956 1.38923 2777472010281
0.0952728 1.39629 2777472010563
0.113415 1.40458 2777472010845
0.130599 1.41265 2777472011128
0.154935 1.42511 2777472011411
0.161077 1.42834 2777472011694
0.159674 1.42754 2777472011978
0.180849 1.4405 2777472012261
0.205062 1.45481 2777472012544
0.206208 1.45565 2777472012827
0.21745 1.46305 2777472013110
0.23362 1.47408 2777472013393
0.243166 1.48071 2777472013676
0.255042 1.48894 2777472013958
0.273176 1.50166 2777472014241
0.288443 1.51212 2777472014522
0.306145 1.5257 2777472014805
0.307171 1.52652 2777472015089
0.325464 1.54124 2777472015371
0.341917 1.55535 2777472015652
0.345706 1.55881 2777472015935
0.346699 1.55976 2777472016217
0.349556 1.56267 2777472016500
0.370197 1.58321 2777472016783
0.398096 1.60896 2777472017066
0.400561 1.61142 2777472017349
0.411129 1.62259 2777472017631
0.418105 1.62971 2777472017914
0.418968 1.6307 2777472018197
0.418968 1.6307 2777472018480
0.418968 1.6307 2777472018762
0.418968 1.6307 2777472019044
0.421731 1.63372 2777472019328
0.428702 1.64092 2777472019613
0.432371 1.64366 2777472019894
0.440259 1.64885 2777472020178
0.441899 1.64993 2777472020463
0.447848 1.65213 2777472020746
0.449779 1.65195 2777472021028
0.447857 1.65169 2777472021309
0.449263 1.65173 2777472021591
0.452369 1.65188 2777472021874
0.459312 1.65105 2777472022157
0.457137 1.65159 2777472022441
0.458513 1.65106 2777472022726
0.457336 1.65166 2777472023006
0.456582 1.6522 2777472023286
0.456582 1.6522 2777472023568
0.457047 1.65189 2777472023850
0.460349 1.64941 2777472024134
0.473988 1.63899 2777472024414
0.485401 1.62997 2777472024695
0.496324 1.62224 2777472024977
0.507348 1.61449 2777472025259
0.517484 1.60749 2777472025542
0.529559 1.59973 2777472025824
0.541529 1.59264 2777472026106
0.550284 1.58768 2777472026389
0.569209 1.57821 2777472026671
0.592368 1.56635 2777472026953
0.60195 1.56064 2777472027237
0.623207 1.55104 2777472027521
0.636898 1.54459 2777472027804
0.655454 1.53616 2777472028087
0.687681 1.52139 2777472028373
0.702252 1.51532 2777472028652
0.719402 1.50838 2777472028935
0.733614 1.50273 2777472029218
0.745683 1.49816 2777472029502
0.754862 1.49478 2777472029784
0.764622 1.49182 2777472030066
0.780634 1.48722 2777472030349
0.794717 1.48325 2777472030631
0.811696 1.47838 2777472030913
0.827508 1.47353 2777472031198
0.84873 1.46762 2777472031478
0.866509 1.46292 2777472031760
0.891056 1.45701 2777472032043
0.908584 1.45293 2777472032325
0.930052 1.44777 2777472032607
0.947639 1.4446 2777472032890
0.958127 1.443 2777472033173
0.967485 1.4414 2777472033457
0.967776 1.44133 2777472033739
0.969806 1.44093 2777472034023
0.965035 1.4423 2777472034307
0.963277 1.44303 2777472034591
0.961669 1.44394 2777472034874
0.959179 1.44605 2777472035156
0.959092 1.44614 2777472035436
0.964451 1.4403 2777472035717
0.967171 1.43744 2777472035999
0.977662 1.42617 2777472036281
0.979684 1.42435 2777472036564
0.990872 1.41316 2777472036846
1.00497 1.39897 2777472037128
1.0045 1.39944 2777472037409
1.02527 1.38098 2777472037691
1.04237 1.36393 2777472037973
1.05183 1.35566 2777472038254
1.05074 1.35646 2777472038536
1.07011 1.3407 2777472038818
1.07692 1.33554 2777472039101
1.08365 1.3308 2777472039384
1.10865 1.31333 2777472039668
1.11661 1.30837 2777472039949
1.12205 1.30488 2777472040231
1.12259 1.30454 2777472040515
1.12781 1.30105 2777472040800
1.13377 1.29593 2777472041084
1.13244 1.29667 2777472041367
1.13299 1.29569 2777472041650
1.13481 1.29262 2777472041932
1.13746 1.28588 2777472042215
1.13942 1.27682 2777472042498
1.13974 1.26927 2777472042779
1.13865 1.26339 2777472043061
1.13887 1.26424 2777472043343
1.14059 1.26821 2777472043623
1.13599 1.25973 2777472043903
1.13261 1.25369 2777472044184
1.12592 1.24093 2777472044466
1.12111 1.23147 2777472044749
1.11624 1.22013 2777472045027
1.1146 1.21375 2777472045309
1.11301 1.20739 2777472045592
1.1128 1.20357 2777472045875
1.11276 1.19388 2777472046158
1.11409 1.17483 2777472046443
1.11467 1.16769 2777472046726
1.11484 1.16569 2777472047011
1.11493 1.16199 2777472047295
1.11491 1.1617 2777472047578
1.11527 1.16349 2777472047859
1.11631 1.16655 2777472048142
1.11479 1.16375 2777472048424
1.11253 1.15975 2777472048704
1.10691 1.14988 2777472048985
1.10028 1.13844 2777472049267
1.09444 1.12814 2777472049548
1.08591 1.11318 2777472049829
1.0767 1.09654 2777472050111
1.06917 1.08314 2777472050394
1.06172 1.06916 2777472050675
1.05501 1.05603 2777472050958
1.0481 1.04202 2777472051239
1.04129 1.02872 2777472051521
1.03291 1.00957 2777472051804
1.02644 0.996306 2777472052086
1.02165 0.985088 2777472052368
1.013 0.965399 2777472052650
1.00732 0.950361 2777472052933
1.00254 0.93657 2777472053215
0.997853 0.923607 2777472053496
0.992688 0.907242 2777472053778
0.987106 0.888593 2777472054061
0.982404 0.871958 2777472054344
0.978582 0.858404 2777472054626
0.973455 0.840156 2777472054908
0.971897 0.834679 2777472055193
0.972394 0.835892 2777472055478
0.972919 0.836793 2777472055760
0.971916 0.835384 2777472056043
0.967376 0.830162 2777472056327
0.9724 0.834362 2777472056610
0.9717 0.833951 2777472056892
0.97026 0.833776 2777472057174
0.972066 0.83412 2777472057457
0.970844 0.834039 2777472057737
0.968809 0.834099 2777472058017
0.961913 0.834308 2777472058298
0.951253 0.834682 2777472058580
0.942701 0.834816 2777472058862
0.932057 0.835255 2777472059144
0.911718 0.835838 2777472059426
0.890291 0.836578 2777472059708
0.873335 0.836463 2777472059990
0.849793 0.836343 2777472060276
0.846612 0.836292 2777472060554
0.82738 0.836012 2777472060836
0.807099 0.83534 2777472061118
0.794735 0.83485 2777472061400
0.780202 0.834109 2777472061682
0.756469 0.832785 2777472061963
0.735968 0.831222 2777472062245
0.719695 0.829976 2777472062526
0.709789 0.829276 2777472062808
0.691968 0.827833 2777472063090
0.669612 0.825727 2777472063372
0.652324 0.824083 2777472063654
0.640939 0.822666 2777472063936
0.625129 0.820583 2777472064217
0.61223 0.819255 2777472064499
0.584689 0.815485 2777472064781
0.565835 0.812185 2777472065064
0.540432 0.80762 2777472065347
0.517154 0.803448 2777472065629
0.49716 0.799505 2777472065911
0.476233 0.795149 2777472066192
0.455161 0.78931 2777472066474
0.43188 0.782938 2777472066756
0.41271 0.778063 2777472067039
0.404878 0.775415 2777472067321
0.376119 0.765872 2777472067603
0.351913 0.758091 2777472067886
0.328263 0.749846 2777472068169
0.316901 0.746023 2777472068454
0.282004 0.73352 2777472068736
0.268574 0.72862 2777472069018
0.245332 0.720499 2777472069300
0.217072 0.710948 2777472069584
0.20165 0.705305 2777472069865
0.178444 0.696796 2777472070147
0.166672 0.692231 2777472070430
0.140901 0.68137 2777472070713
0.112606 0.670438 2777472070995
0.0973595 0.664036 2777472071277
0.0651254 0.650102 2777472071559
0.0421911 0.639189 2777472071842
0.0138079 0.625185 2777472072124
-0.00118502 0.617692 2777472072406
-0.0350505 0.600142 2777472072688
-0.0575271 0.587869 2777472072971
-0.0683456 0.581824 2777472073252
-0.0656868 0.583075 2777472073534
-0.0631388 0.58446 2777472073816
-0.0611348 0.585772 2777472074096
-0.0550445 0.591924 2777472074376
-0.0588889 0.586221 2777472074656
-0.0614925 0.576984 2777472074937
-0.0602711 0.586707 2777472075219
-0.0603175 0.592601 2777472075501
-0.060508 0.597607 2777472075783
-0.0596165 0.594953 2777472076071
-0.0596165 0.594953 2777472076354
-0.0596165 0.594953 2777472076636
-0.0596165 0.594953