0 0 35984
0.0118919 0.00488934 2777471928266
0.0180642 0.00600345 2777471929396
0.0133331 0.00216644 2777471929679
0.016409 0.00172358 2777471929963
0.0202155 0.00373449 2777471930810
0.0280453 0.00170728 2777471931093
0.0255062 0.00100447 2777471932789
0.029227 -0.00816122 2777471934203
0.060308 -0.0190537 2777471935334
0.132002 -0.00623199 2777471936467
0.136671 -0.0123128 2777471936750
0.213711 -0.000513891 2777471938166
0.28069 0.00518567 2777471939013
0.612755 0.063474 2777471943545
0.832015 0.0992315 2777471946095
0.925659 0.111535 2777471947510
0.901741 0.147275 2777471951472
0.943549 0.208975 2777471952885
1.00817 0.305552 2777471955149
1.08389 0.449623 2777471957413
1.15655 0.532204 2777471962221
1.10112 0.591113 2777471963636
1.05176 0.64805 2777471964767
0.824737 0.821912 2777471969006
0.840898 0.847173 2777471969853
0.84485 0.82254 2777471970414
0.754396 0.807735 2777471974376
0.668978 0.80007 2777471975790
0.0497158 0.69221 2777471983990
-0.0171089 0.719019 2777471985413
-0.0339993 0.72153 2777471987951
0.009027 0.697332 2777471990773
0.0464828 0.800694 2777471994726
0.0587668 0.864405 2777471996140
0.067107 1.07187 2777471999254
0.0581321 1.1375 2777472000100
0.0311915 1.36534 2777472003210
0.0057312 1.40237 2777472004629
0.0229523 1.39643 2777472005481
0.00645939 1.38734 2777472006888
-0.00618783 1.37484 2777472008303
0.107226 1.42016 2777472010844
0.171832 1.46289 2777472012260
0.387854 1.58059 2777472016216
0.513766 1.65028 2777472019043
0.505812 1.64938 2777472020745
0.483476 1.64679 2777472021590
0.461838 1.64402 2777472021873
0.454695 1.67724 2777472024413
0.507731 1.67211 2777472026952
0.733097 1.57183 2777472029783
0.823302 1.54095 2777472031194
0.959765 1.49679 2777472033457
0.970895 1.46181 2777472034873
0.978345 1.48322 2777472035155
1.08425 1.3589 2777472038253
1.1255 1.32029 2777472039100
1.15428 1.28731 2777472042214
1.14958 1.29223 2777472043342
1.16827 1.20444 2777472047294
1.12334 1.15403 2777472049828
1.0525 0.978764 2777472052367
1.01655 0.896839 2777472053777
0.993954 0.822047 2777472054907
0.994403 0.824824 2777472055759
0.99248 0.822496 2777472057736
0.970857 0.823336 2777472058861
0.855495 0.830049 2777472060835
0.783834 0.830428 2777472061963
0.71777 0.830975 2777472062807
0.52844 0.808981 2777472065629
-0.0319599 0.620036 2777472072687
-0.0657825 0.575744 2777472074655
-0.0321705 0.56731 2777472077200
0.0148476 0.455527 2777472084813
0.0556587 0.430648 2777472087915
0.0188723 0.361373 2777472090448
-0.00832778 0.220638 2777472092142
-0.0388147 0.192734 2777472094681
0.131694 -0.00586333 2777472107647
0.13847 -0.0025665 2777472108773
0.135915 -0.00177109 2777472109616
0.122966 -0.00305166 2777472110179
0.135219 -0.00528367 2777472118346
