0 0 31869
-0.0222653 0.0126242 2777471619237
-0.0262495 0.00538034 2777471619523
-0.0225547 0.00156128 2777471620383
-0.0210792 0.0114615 2777471620956
-0.0186611 0.00670246 2777471621243
-0.0250663 0.0103351 2777471621529
-0.0186611 0.00670246 2777471621815
-0.0175476 0.000672474 2777471624105
-0.0176711 0.00949745 2777471624392
-0.0192717 0.0129089 2777471625535
-0.0170514 0.00540279 2777471626681
-0.0157047 0.00543583 2777471626968
0.023864 0.00762449 2777471628112
0.0425532 0.00938201 2777471628398
0.106652 0.00441953 2777471629542
0.348838 0.0605931 2777471633548
0.504678 0.141165 2777471635837
0.523169 0.152104 2777471636125
0.627004 0.220684 2777471637558
0.756376 0.348825 2777471639854
0.765855 0.332937 2777471640141
0.754811 0.342681 2777471641573
0.757494 0.343293 2777471643870
0.758236 0.341509 2777471645586
0.74845 0.348437 2777471646438
0.758653 0.239787 2777471648441
0.793708 0.0663709 2777471651016
0.835741 -0.0160517 2777471652446
0.871299 -0.0714038 2777471653305
0.942646 -0.174812 2777471655020
1.17231 -0.392421 2777471659024
1.30119 -0.508626 2777471661604
1.2289 -0.451828 2777471667596
1.17316 -0.442155 2777471668455
1.08096 -0.435124 2777471669884
1.00729 -0.437099 2777471671026
0.902403 -0.439775 2777471672455
0.287321 -0.765117 2777471681605
0.205733 -0.865291 2777471683034
0.207572 -0.852614 2777471683606
0.193751 -0.846321 2777471685607
0.214628 -0.845575 2777471686464
0.21505 -0.853054 2777471687037
0.230049 -0.875928 2777471688470
0.23621 -0.887637 2777471689600
0.240486 -0.809467 2777471691025
0.224414 -0.678945 2777471692737
0.2092 -0.645761 2777471693592
0.179919 -0.546497 2777471695016
0.171256 -0.472643 2777471696159
0.144852 -0.363813 2777471697584
0.132274 -0.352269 2777471699012
0.145059 -0.340222 2777471700723
0.12216 -0.331199 2777471701578
0.0986682 -0.342384 2777471703007
0.121776 -0.354861 2777471704146
0.143088 -0.356913 2777471706713
0.159536 -0.336749 2777471712138
0.320104 -0.333479 2777471718692
0.417417 -0.316981 2777471720117
0.535375 -0.264103 2777471722686
0.536997 -0.265531 2777471728102
0.536656 -0.26575 2777471730095
0.537897 -0.255346 2777471730664
